Whole Shared Net
Training with lr=0.0010, AuxilaryLoss =0.0000
error on digit 1 : 
tensor([[91.6000, 18.6000, 11.0000,  9.9000,  7.2000,  7.8000,  6.1000,  4.9000,
          5.3000,  7.3000],
        [90.0000,  9.6000,  5.6000,  6.6000,  6.7000,  5.7000,  4.6000,  5.9000,
          4.6000,  5.2000],
        [89.9000, 15.5000, 22.4000,  7.5000,  4.1000, 91.2000, 91.2000, 75.5000,
         11.6000, 39.3000],
        [90.6000, 91.2000, 91.2000, 91.2000, 91.2000, 87.9000, 91.2000, 87.9000,
         91.2000, 87.9000],
        [87.9000, 91.2000, 91.2000, 91.2000, 91.2000, 91.2000, 91.2000, 91.2000,
         91.2000, 91.2000]])
error on digit 2 : 
tensor([[93.1000, 18.5000, 12.2000, 10.8000,  9.5000,  8.5000,  6.9000,  6.1000,
          5.7000,  7.2000],
        [92.2000, 12.2000,  5.6000,  6.4000,  6.4000,  6.1000,  5.4000,  6.7000,
          5.1000,  6.0000],
        [92.0000, 14.8000, 20.8000,  7.3000,  4.9000, 89.8000, 89.8000, 78.4000,
         11.1000, 40.3000],
        [89.8000, 89.8000, 89.8000, 89.8000, 89.8000, 88.7000, 89.8000, 88.7000,
         89.8000, 88.7000],
        [88.7000, 89.8000, 89.8000, 89.8000, 89.8000, 89.8000, 89.8000, 89.8000,
         89.8000, 89.8000]])
error on their comparison : 
tensor([[17.4000, 16.3000, 45.2000, 17.9000, 21.4000, 25.1000, 30.1000, 45.4000,
         44.1000, 56.5000],
        [45.2000, 14.9000, 45.2000, 13.8000, 15.1000, 16.2000, 33.4000, 31.1000,
         40.5000, 39.4000],
        [45.2000, 18.9000, 45.2000, 45.2000, 24.1000, 54.8000, 54.8000, 44.4000,
         40.3000, 45.0000],
        [45.2000, 54.8000, 54.8000, 54.8000, 54.8000, 45.2000, 54.8000, 45.2000,
         54.8000, 54.8000],
        [45.2000, 54.8000, 54.8000, 54.8000, 54.8000, 54.8000, 54.8000, 54.8000,
         54.8000, 54.8000]])
with auxiliary loss : 
tensor([0.0000, 0.0556, 0.1111, 0.1667, 0.2222, 0.2778, 0.3333, 0.3889, 0.4444,
        0.5000])
with lr : 
tensor([0.0010, 0.0047, 0.0224, 0.1057, 0.5000])
