error on digit 1 : 
tensor([[90.1000, 27.5667, 13.6000, 12.0667,  9.2667,  8.3667,  7.9667,  7.7667,
          6.3667,  7.2667]])
tensor([[4.2884, 4.5369, 0.5292, 1.6921, 0.2082, 0.9609, 0.5508, 1.1060, 0.9019,
         0.0577]])
error on digit 2 : 
tensor([[89.9333, 28.1333, 14.3000, 12.4000,  9.2667,  8.1667,  8.7667,  7.8333,
          6.0667,  6.9667]])
tensor([[3.4005, 4.8128, 1.0583, 0.8185, 0.5686, 0.3512, 0.3786, 0.2887, 0.6110,
         0.2517]])
error on their comparison : 
tensor([[32.4667, 20.3000, 31.1667, 34.8000, 35.5667, 29.9667, 33.6000, 45.7000,
         41.6667, 49.2667]])
tensor([[13.6456,  1.2767, 13.7122,  4.5902, 12.9253,  1.7616,  6.5551,  0.4000,
          3.3606,  8.3811]])
with auxiliary loss : 
tensor([0.0000, 0.0556, 0.1111, 0.1667, 0.2222, 0.2778, 0.3333, 0.3889, 0.4444,
        0.5000])
with lr : 
tensor([0.0006])
